5555444444444444444444444444444444444444444444444444444444444444
5555444444444444444444444444444444444444444444444444444444444444
5555444444444444444444444444444444444444444444444444444444444444
5555444444444444444444444444444444444444444444444444444444444444
5555444444444444444444444444444444444444444444444444444444444444
5555444444444444444444444444444444444444444444444444444444444444
5555444444444444444444444444444444444444444444444444444444444444
5555444444444444444444444444444444444444444444444444444444444444
5555444444444444444444444444444433333333344444444444444444444444
5555444444444444444444444444444435555555344444444444444444444444
5555444444444444444444444444444435555555344444444444444444444444
5555444444444444444444444444444435599955344444444444444444444444
5555444444444444444444444444444435555955344444444444444444444444
5555444444444444444444444444444435595955344444444444444444444444
5555444444444444444444444444444435555555344444444444444444444444
5555444444444444444444444444444435555555344444444444444444444444
5555444444444444444444444444444433333333344444444444444444444444
5555444444444444444444444444444444333334444444444444444444444444
5555444444444444444444444444444444333334444444444444444444444444
5555444444444444444444444444444444333334444444444444444444444444
5555444444444444444444444444444444333334444444444444444444444444
5555444444444444444444444444444444333334444444444444444444444444
5555444444444444444444444444444444333334444444444444444444444444
5555444444444444444444444444444444333334444444444444444444444444
5555444444444444444444444444444444333334444444444444444444444444
5555444444444433333333333333333333333333333333333333334444444444
5555444444444433333333333333333333333333333333333333334444444444
5555444444444433333333333333333333333333333333333333334444444444
5555444444444433333333333333333333333333333333333333334444444444
5555444444444433333333333333333333333333333333333333334444444444
5555444444444433333333333333344444333333333333333333334444444444
5555444444444433333330333333344444333333333333333333334444444444
5555444444444433333310033333344444333333333333333333334444444444
5555444444444433333331333333344444333333333333333333334444444444
5555444444444433333333333333344444333333333333333333334444444444
5555444444444433333333333333344444333333333333333333334444444444
5555444444444433333333333333344444333333333333333333334444444444
5555444444444433333333333333344444333333333333333333334444444444
5555444444444433333333333333344444333333333333333333334444444444
5555444444444433333333333333344444333333333333333333334444444444
5555444444444444444333334444444444333333333333333333334444444444
5555444444444444444333334444444444333333333333333333334444444444
5555444444444444444333334444444444333333333333333333334444444444
5555444444444444444333334444444444333333333333333333334444444444
5555444444444444444333334444444444333333333333333333334444444444
5555444444444444444333333333333333ccccc3333333333333334444444444
5555444444444444444333333333333333ccccc3333333333333334444444444
5555444444444444444333333333333333999993333333333333334444444444
5555444444444444444333333333333333999993333333333333334444444444
5555444444444444444333333333333333999993333333333333334444444444
5555444444444444444444444444444444444444444444444444444444444444
5555444444444444444444444444444444444444444444444444444444444444
4444444444444444444444444444444444444444444444444444444444444444
4555555555544444444444444444444444444444444444444444444444444444
4555555555544444444444444444444444444444444444444444444444444444
4559999995544444444444444444444444444444444444444444444444444444
4559999995544444444444444444444444444444444444444444444444444444
4559955555544444444444444444444444444444444444444444444444444444
4559955555544444444444444444444444444444444444444444444444444444
4559955995544444444444444444444444444444444444444444444444444444
4559955995545555555555555555555555555555555555555555555555555555
4555555555545bbbbbbbbbbbbbbbbbbbbbbbbbbbbbbbbbbbbbbbbbb588588588
4555555555545bbbbbbbbbbbbbbbbbbbbbbbbbbbbbbbbbbbbbbbbbb588588588
4444444444445555555555555555555555555555555555555555555555555555
